LemonadeStand 40 100 1 250 2 1 0 1
GiftWrapperBooth 15 500 0 250 5 1 0 1
PizzaDelivery 55 55 1 250 2 1 0 1
HotDogCart 30 300 1 250 3 1 0 1
FloristCart 90 180 2 400 2 1 0 1
LotteryMerchant 100 800 4 400 6 1 0	1
GarageSale 110 300 2 700 4 1 0 1
JointDealer 170	800 6 700 6 1 0	1
MagazineNewstand 270 5000 4 15000 10 1 0 2
FortuneBooth 400 4500 8 15000 8 1 0 2
AlcoholSmuggler 1000 3000 18 15000 5 1 0 2
IceCreamTruck 900 7200 8 45000 10 1 0 2
BabyCenter 450 36000 0 45000 30 1 0 2 
CarWash 1500 20000 12 60000 15 1 0 2
TravelAgent 720 15000 2 90000 10 1 0 2 
PestControl 1200 10000 4 90000 10 1 0 2
ComicStore 3750 7500 10 135000 7 1 0 2
CommunitySpace 0 0 -6 150000 10 1 0 2
NailSalon 2200 25000 8 120000 7 1 0 3
LaundryMart 800 120000 0 120000 45 1 0 3
TattooStudio 3600 20000 14 120000 15 1 0 3
PetStore 4000 60000 4 350000 30 1 0 3
MassageParlour 10000 140000 12 600000 20 1 0 3
MoviePiracy 13000 520000 24 600000 15 1 0 3
FastfoodRestaurant 3500 350000 0 800000 60 1 0 3
LoanShark 17000 120000 14 1000000 15 1 0 3
BotanicalGarden 0 0 -10 2000000 15 1 0 3
PokerHouse 40000 440000 30 1650000 30 1 0 3
GameCenter 20000 300000 10 2500000 45 1 0 4
DowntownBoutique 36000 360000 14 5000000 30 1 0 4
WildlifeTrafficking 85000 1400000 24 7500000 30 1 0 4
GasStation 70000 700000 10 15000000 45 1 0 4
DetectiveAgency 95000 1200000 16 30000000 45 1 0 4
CrackHouse 125000 4000000 24 30000000 60 1 0 4
MiniGolfCourse 75000 8000000 10 45000000 120 1 0 4
WineBrewery 120000 18000000 12 45000000 105 1 0 4
Guns&ArmsDepot 180000 5500000 30 45000000 90 1 0 4 
CharityCenter 0 0 -14 60000000 20 1 0 4
EndingLine 0 0 0 0 0 0 0 5 